Time, AccX, AccY, AccZ, GyroX, GyroY, GyroZ
0, -0.85, 2.72, 8.42, 0.05, -0.00, -0.04
50, -0.88, 2.88, 9.61, 0.00, -0.01, 0.01
100, -1.44, 2.81, 8.83, 0.03, -0.01, 0.01
150, -1.14, 3.22, 10.13, 0.02, 0.08, 0.03
200, -2.07, 3.40, 9.88, -0.20, 0.09, -0.02
250, -0.26, 3.38, 9.96, -0.14, 0.05, -0.14
300, -2.46, 6.67, 18.65, -0.99, -0.01, 0.06
350, -5.75, 21.60, 42.83, -4.37, 0.09, -0.57
400, 2.51, 25.43, 12.61, -4.37, 0.91, -1.41
450, 3.10, 12.81, -7.17, -4.37, 0.44, -0.89
500, 3.92, -0.12, -9.31, -4.37, 0.66, -0.55
550, 2.42, -11.26, -23.36, -3.99, 0.51, -0.02
600, -2.60, -11.57, -13.94, -0.30, 0.35, 0.36
650, -3.74, -8.20, 2.02, 0.23, -0.08, 0.14
700, -2.83, -9.62, -1.87, 0.10, -0.09, -0.11
750, -0.36, -9.81, 0.14, 0.47, -0.12, -0.10
800, -1.10, -9.16, 2.89, 0.52, -0.14, 0.17
850, -3.34, -9.46, 2.93, 0.11, 0.03, 0.05
900, -2.36, -9.89, 0.65, 0.38, -0.13, -0.01
950, -2.07, -9.13, 3.63, 0.21, -0.02, -0.04
